{'gdp': 43.98657142857143,
'wage': 2029057842.6515286,
'titanic': 1.0,
'insurance': 322646873.58870494,
'used_cars': 194464336.77843514,
'tic_tac_toe': 1.0,
'boston': 592.1469169960473,
'world_happiness_indicator': 30.467782121794855,
'Demographics': 31.64835409252669,
'IBM_HR': 1.0, 'telco_churn': 1.0,
'mobile_prices': 3.5,
'GenderRecognition': 1.0,
'breast': 1.0,
'diabetes': 29074.481900452487,
'iris': 1.0,
'load_wine': 1.0,
'covid':599580.8433,
'bicycle':58067.42666}
