{
 "cells": [
  {
   "cell_type": "code",
   "execution_count": 1,
   "metadata": {},
   "outputs": [],
   "source": [
    "import numpy as np\n",
    "from numpy.linalg import norm\n",
    "from itertools import combinations\n",
    "\n",
    "# def foo(Q):\n",
    "#     _, k = Q.shape\n",
    "#     res = np.zeros_like(Q)\n",
    "#     q = Q[:, 0]\n",
    "#     print(q)\n",
    "#     res[:, 0] =  q / norm(q)\n",
    "#     res[0, 0] = 1\n",
    "#     print(res)\n",
    "\n",
    "#     for i in range(1, k):\n",
    "#         O_i = res[:, :i]\n",
    "#         q = Q[:, i]\n",
    "#         print(q)\n",
    "#         q_orth = q - O_i.dot(O_i.T.dot(q))\n",
    "#         res[:, i] =  q_orth / norm(q_orth)\n",
    "#     return res\n",
    "\n",
    "def orthonormalization(Q):\n",
    "    n, k = Q.shape\n",
    "    O = np.zeros(shape=(n, k))\n",
    "    q = Q[:, 0]\n",
    "    O[:, 0] =  q / norm(q)\n",
    "\n",
    "    for i in range(1, k):\n",
    "        O_i = O[:, :i]\n",
    "        q = Q[:, i]\n",
    "        q_orth = q - O_i.dot(O_i.T.dot(q))\n",
    "        O[:, i] =  q_orth / norm(q_orth)\n",
    "    return O\n",
    "\n",
    "def non_empty_subset_indicator(d, idx=None):\n",
    "    idx = np.arange(d) if idx is None else idx\n",
    "    for l in range(1, len(idx)+1):\n",
    "        for c in combinations(idx, l):\n",
    "            col = np.zeros(d)\n",
    "            col[list(c)] = 1\n",
    "            yield col\n",
    "\n",
    "class instance:\n",
    "\n",
    "    @staticmethod\n",
    "    def random(n, t, seed=None):\n",
    "        rng = np.random.default_rng(seed)\n",
    "        Q = rng.binomial(1, 0.5, size=(n, t))\n",
    "        g = rng.normal(size=n)\n",
    "        return instance(Q, g)\n",
    "\n",
    "    def __init__(self, Q, g, keep_bf_queries=False):\n",
    "        n, k = Q.shape\n",
    "        self.n = n\n",
    "        self.k = k\n",
    "        self.Q = Q\n",
    "        self.O = orthonormalization(Q)\n",
    "        self.g = g\n",
    "        self.P = self.O.dot(self.O.T)\n",
    "        self.M = np.eye(n) - self.P\n",
    "        self.g = self.M.dot(g)\n",
    "        self.keep_bf_queries = keep_bf_queries\n",
    "\n",
    "    def orth_part_norm(self, queries):\n",
    "        return norm(self.M.dot(queries))\n",
    "\n",
    "    def selected_grad_elements(self, q):\n",
    "        return np.sort(self.g[np.flatnonzero(q)])\n",
    "\n",
    "class result:\n",
    "\n",
    "    def __init__(self, q_star, f_star, q_seq, inst):\n",
    "        self.q_star = q_star\n",
    "        self.f_star = f_star\n",
    "        self.q_seq = q_seq\n",
    "        self.inst = inst\n",
    "\n",
    "    def print_selected_elements_by_score(self, q=None, score=None, end='\\n', sep=' '):\n",
    "        q = self.q_star if q is None else q\n",
    "        score = self.inst.g if score is None else score\n",
    "        order = np.argsort(score)[::-1]\n",
    "        for i in range(self.inst.n):\n",
    "            s = f'\\x1b[31m{score[order[i]]:.3f}\\x1b[0m' if q[order[i]] else f'{score[order[i]]:.3f}'\n",
    "            print(s, end=sep if i<self.inst.n-1 else '')\n",
    "        print(end, end='')\n",
    "\n",
    "def brute_force(self, epsilon=0):\n",
    "    if self.keep_bf_queries:\n",
    "        bf_queries = np.zeros(shape=(2**self.n-1, self.n))\n",
    "    bf_gsum_ = np.zeros(2**self.n-1)\n",
    "    bf_opn_ = np.zeros(2**self.n-1)\n",
    "    bf_norms_ = np.zeros(2**self.n-1)\n",
    "\n",
    "    i_star = -1\n",
    "    obj_star = float('-inf')\n",
    "    q_star = None\n",
    "\n",
    "    for i, q in enumerate(non_empty_subset_indicator(self.n)):\n",
    "        if self.keep_bf_queries:\n",
    "            bf_queries[i, :] = q\n",
    "        bf_gsum_[i]=self.g.dot(q)\n",
    "        bf_opn_[i]=self.orth_part_norm(q)\n",
    "        bf_norms_[i]=norm(q)\n",
    "        \n",
    "        obj = (bf_gsum_[i]**2 / (bf_opn_[i] + epsilon)**2) if epsilon!=0 or bf_opn_[i]>1e-5 else 0\n",
    "        if obj > obj_star:\n",
    "            i_star = i\n",
    "            q_star = q\n",
    "            obj_star = obj\n",
    "\n",
    "    res = result(q_star, obj_star, bf_queries if self.keep_bf_queries else None, self)\n",
    "    res.i_star = i_star\n",
    "    res.gsums = bf_gsum_\n",
    "    res.op_norms = bf_opn_\n",
    "    res.norms = bf_norms_\n",
    "\n",
    "    return res\n",
    "\n",
    "    \n"
   ]
  },
  {
   "cell_type": "markdown",
   "metadata": {},
   "source": [
    "### Objective Function is Bounded by Squared Norm of Gradient\n",
    "\n",
    "We can bound the objective function by decomposing $q_\\perp$ into components parallel and orthogonal to the gradient vector, i.e.,\n",
    "\\begin{equation*}\n",
    "q_\\perp = q_{\\perp\\parallel} + q_{\\perp\\perp}\\\\\n",
    "\\end{equation*}\n",
    "where\n",
    "\\begin{equation*}\n",
    "q_{\\perp\\parallel} = \\frac{q_\\perp^Tg}{\\|g\\|^2}g \\enspace .\n",
    "\\end{equation*}\n",
    "\n",
    "Indeed, by observing that $\\|q_{\\perp\\parallel}\\|^2=(g^Tq)^2/\\|g\\|^2$ we can conclude that\n",
    "\\begin{align*}\n",
    "\\frac{(g^Tq)^2}{\\|q_\\perp\\|^2} &= \\frac{(g^Tq)^2}{\\|q_{\\perp\\parallel}\\|^2 + \\|q_{\\perp\\perp}\\|^2}\\\\\n",
    "&\\leq \\frac{(g^Tq)^2}{\\|q_{\\perp\\parallel}\\|^2}\\\\\n",
    "&=\\|g\\|^2\n",
    "\\end{align*}\n"
   ]
  },
  {
   "cell_type": "code",
   "execution_count": 2,
   "metadata": {},
   "outputs": [],
   "source": [
    "import numpy as np\n",
    "from numpy.linalg import norm\n",
    "n=20\n",
    "k=100\n",
    "kk=5\n",
    "RNG = np.random.default_rng(k)\n",
    "Q = RNG.binomial(1, 0.5, size=(n, k))\n",
    "g = RNG.normal(size=n)\n",
    "inst1 = instance(Q[:, :kk], g)"
   ]
  },
  {
   "cell_type": "code",
   "execution_count": 3,
   "metadata": {},
   "outputs": [],
   "source": [
    "def orthogonalize(U, eps=1e-15):\n",
    "    n = len(U[0])\n",
    "    V = np.array(U.T)\n",
    "    for i in range(n):\n",
    "        prev_basis = V[0:i]\n",
    "        coeff_vec = np.dot(prev_basis, V[i].T)\n",
    "        V[i] -= np.dot(coeff_vec, prev_basis).T\n",
    "        if np.linalg.norm(V[i]) < eps:\n",
    "            V[i][V[i] < eps] = 0.\n",
    "        else:\n",
    "            V[i] /= np.linalg.norm(V[i])\n",
    "    return V.T"
   ]
  },
  {
   "cell_type": "code",
   "execution_count": 4,
   "metadata": {},
   "outputs": [
    {
     "data": {
      "text/plain": [
       "array([[5.45267448, 0.24026865, 2.53263446, ..., 3.3026671 , 6.16708887,\n",
       "        4.09022472],\n",
       "       [6.62665337, 5.34519377, 7.06985767, ..., 9.82524876, 3.59520877,\n",
       "        9.54597565],\n",
       "       [6.62959502, 8.87613574, 8.33821882, ..., 7.01488816, 0.06104428,\n",
       "        4.08080087],\n",
       "       ...,\n",
       "       [6.31608024, 3.84060668, 9.13544637, ..., 8.16519541, 1.19775796,\n",
       "        8.82401409],\n",
       "       [3.00396613, 0.25730433, 4.89466446, ..., 0.50076972, 2.81809034,\n",
       "        7.70449514],\n",
       "       [6.51334324, 4.31104087, 0.6752531 , ..., 5.60716537, 5.05042352,\n",
       "        6.08262004]])"
      ]
     },
     "execution_count": 4,
     "metadata": {},
     "output_type": "execute_result"
    }
   ],
   "source": [
    "A=np.random.random((100, 100))*10\n",
    "A"
   ]
  },
  {
   "cell_type": "code",
   "execution_count": 5,
   "metadata": {},
   "outputs": [
    {
     "data": {
      "text/plain": [
       "array([[ 1.00000000e+00, -4.16157005e-18, -1.21621839e-17, ...,\n",
       "        -7.10646379e-16,  1.06932459e-15, -6.77375526e-15],\n",
       "       [-4.16157005e-18,  1.00000000e+00, -1.21871746e-16, ...,\n",
       "        -3.01522255e-15,  2.21191208e-15, -2.30418123e-15],\n",
       "       [-1.21621839e-17, -1.21871746e-16,  1.00000000e+00, ...,\n",
       "         5.91670266e-16, -3.08569489e-15, -3.44495534e-15],\n",
       "       ...,\n",
       "       [-7.10646379e-16, -3.01522255e-15,  5.91670266e-16, ...,\n",
       "         1.00000000e+00,  1.10663178e-14,  1.38973224e-13],\n",
       "       [ 1.06932459e-15,  2.21191208e-15, -3.08569489e-15, ...,\n",
       "         1.10663178e-14,  1.00000000e+00, -9.85057303e-14],\n",
       "       [-6.77375526e-15, -2.30418123e-15, -3.44495534e-15, ...,\n",
       "         1.38973224e-13, -9.85057303e-14,  1.00000000e+00]])"
      ]
     },
     "execution_count": 5,
     "metadata": {},
     "output_type": "execute_result"
    }
   ],
   "source": [
    "orthonormalization(A).T@orthonormalization(A)"
   ]
  },
  {
   "cell_type": "code",
   "execution_count": 6,
   "metadata": {},
   "outputs": [
    {
     "data": {
      "text/plain": [
       "array([[ 1.00000000e+00, -4.16157005e-18, -3.47135891e-17, ...,\n",
       "        -2.17714061e-15,  1.03073665e-15, -7.78580187e-15],\n",
       "       [-4.16157005e-18,  1.00000000e+00, -1.22413847e-16, ...,\n",
       "        -7.45739212e-16,  2.46269244e-15,  1.37651292e-16],\n",
       "       [-3.47135891e-17, -1.22413847e-16,  1.00000000e+00, ...,\n",
       "         8.16173843e-16, -1.90662105e-16, -5.21843126e-16],\n",
       "       ...,\n",
       "       [-2.17714061e-15, -7.45739212e-16,  8.16173843e-16, ...,\n",
       "         1.00000000e+00,  2.43059597e-13, -6.60252348e-14],\n",
       "       [ 1.03073665e-15,  2.46269244e-15, -1.90662105e-16, ...,\n",
       "         2.43059597e-13,  1.00000000e+00,  2.64789531e-13],\n",
       "       [-7.78580187e-15,  1.37651292e-16, -5.21843126e-16, ...,\n",
       "        -6.60252348e-14,  2.64789531e-13,  1.00000000e+00]])"
      ]
     },
     "execution_count": 6,
     "metadata": {},
     "output_type": "execute_result"
    }
   ],
   "source": [
    "orthogonalize(A).T@orthogonalize(A)"
   ]
  },
  {
   "cell_type": "code",
   "execution_count": 7,
   "metadata": {},
   "outputs": [],
   "source": [
    "M=inst1.M"
   ]
  },
  {
   "cell_type": "code",
   "execution_count": 8,
   "metadata": {},
   "outputs": [
    {
     "data": {
      "text/plain": [
       "array([[ 0.76535977,  0.        ,  0.06669671, -0.04791948,  0.08847829,\n",
       "        -0.09824245,  0.08847829,  0.        , -0.0480697 ,  0.06669671,\n",
       "        -0.23464023,  0.01862701,  0.06669671, -0.09824245, -0.06955085,\n",
       "        -0.07961544, -0.23464023, -0.00991438, -0.06955085, -0.01006459],\n",
       "       [ 0.        ,  1.        ,  0.        ,  0.        ,  0.        ,\n",
       "         0.        ,  0.        ,  0.        ,  0.        ,  0.        ,\n",
       "         0.        ,  0.        ,  0.        ,  0.        ,  0.        ,\n",
       "         0.        ,  0.        ,  0.        ,  0.        ,  0.        ],\n",
       "       [ 0.06669671,  0.        ,  0.80306444,  0.11221271,  0.02478594,\n",
       "        -0.02073006,  0.02478594,  0.        ,  0.09689049, -0.19693556,\n",
       "         0.06669671, -0.10004507, -0.19693556, -0.02073006, -0.09418657,\n",
       "        -0.12077512,  0.06669671, -0.01126634, -0.09418657, -0.02658855],\n",
       "       [-0.04791948,  0.        ,  0.11221271,  0.68739673, -0.20024035,\n",
       "         0.06444344, -0.20024035,  0.        , -0.20700015,  0.11221271,\n",
       "        -0.04791948, -0.09478744,  0.11221271,  0.06444344, -0.10575334,\n",
       "        -0.030344  , -0.04791948, -0.03019378, -0.10575334,  0.07540934],\n",
       "       [ 0.08847829,  0.        ,  0.02478594, -0.20024035,  0.66125883,\n",
       "        -0.05002253, -0.33874117,  0.        ,  0.00916329,  0.02478594,\n",
       "         0.08847829,  0.03394923,  0.02478594, -0.05002253, -0.04611687,\n",
       "        -0.01607331,  0.08847829, -0.17936007, -0.04611687,  0.03004356],\n",
       "       [-0.09824245,  0.        , -0.02073006,  0.06444344, -0.05002253,\n",
       "         0.78729157, -0.05002253,  0.        ,  0.16809374, -0.02073006,\n",
       "        -0.09824245,  0.14736368, -0.02073006, -0.21270843, -0.00991438,\n",
       "        -0.06534475, -0.09824245, -0.15908067, -0.00991438, -0.05543037],\n",
       "       [ 0.08847829,  0.        ,  0.02478594, -0.20024035, -0.33874117,\n",
       "        -0.05002253,  0.66125883,  0.        ,  0.00916329,  0.02478594,\n",
       "         0.08847829,  0.03394923,  0.02478594, -0.05002253, -0.04611687,\n",
       "        -0.01607331,  0.08847829, -0.17936007, -0.04611687,  0.03004356],\n",
       "       [ 0.        ,  0.        ,  0.        ,  0.        ,  0.        ,\n",
       "         0.        ,  0.        ,  1.        ,  0.        ,  0.        ,\n",
       "         0.        ,  0.        ,  0.        ,  0.        ,  0.        ,\n",
       "         0.        ,  0.        ,  0.        ,  0.        ,  0.        ],\n",
       "       [-0.0480697 ,  0.        ,  0.09689049, -0.20700015,  0.00916329,\n",
       "         0.16809374,  0.00916329,  0.        ,  0.64188073,  0.09689049,\n",
       "        -0.0480697 , -0.26122878,  0.09689049,  0.16809374,  0.03184618,\n",
       "        -0.09313505, -0.0480697 ,  0.0261379 ,  0.03184618, -0.12498122],\n",
       "       [ 0.06669671,  0.        , -0.19693556,  0.11221271,  0.02478594,\n",
       "        -0.02073006,  0.02478594,  0.        ,  0.09689049,  0.80306444,\n",
       "         0.06669671, -0.10004507, -0.19693556, -0.02073006, -0.09418657,\n",
       "        -0.12077512,  0.06669671, -0.01126634, -0.09418657, -0.02658855],\n",
       "       [-0.23464023,  0.        ,  0.06669671, -0.04791948,  0.08847829,\n",
       "        -0.09824245,  0.08847829,  0.        , -0.0480697 ,  0.06669671,\n",
       "         0.76535977,  0.01862701,  0.06669671, -0.09824245, -0.06955085,\n",
       "        -0.07961544, -0.23464023, -0.00991438, -0.06955085, -0.01006459],\n",
       "       [ 0.01862701,  0.        , -0.10004507, -0.09478744,  0.03394923,\n",
       "         0.14736368,  0.03394923,  0.        , -0.26122878, -0.10004507,\n",
       "         0.01862701,  0.63872615, -0.10004507,  0.14736368, -0.06234039,\n",
       "        -0.21391017,  0.01862701,  0.01487156, -0.06234039, -0.15156978],\n",
       "       [ 0.06669671,  0.        , -0.19693556,  0.11221271,  0.02478594,\n",
       "        -0.02073006,  0.02478594,  0.        ,  0.09689049, -0.19693556,\n",
       "         0.06669671, -0.10004507,  0.80306444, -0.02073006, -0.09418657,\n",
       "        -0.12077512,  0.06669671, -0.01126634, -0.09418657, -0.02658855],\n",
       "       [-0.09824245,  0.        , -0.02073006,  0.06444344, -0.05002253,\n",
       "        -0.21270843, -0.05002253,  0.        ,  0.16809374, -0.02073006,\n",
       "        -0.09824245,  0.14736368, -0.02073006,  0.78729157, -0.00991438,\n",
       "        -0.06534475, -0.09824245, -0.15908067, -0.00991438, -0.05543037],\n",
       "       [-0.06955085,  0.        , -0.09418657, -0.10575334, -0.04611687,\n",
       "        -0.00991438, -0.04611687,  0.        ,  0.03184618, -0.09418657,\n",
       "        -0.06955085, -0.06234039, -0.09418657, -0.00991438,  0.70857744,\n",
       "        -0.07225477, -0.06955085,  0.08156827, -0.29142256,  0.21916779],\n",
       "       [-0.07961544,  0.        , -0.12077512, -0.030344  , -0.01607331,\n",
       "        -0.06534475, -0.01607331,  0.        , -0.09313505, -0.12077512,\n",
       "        -0.07961544, -0.21391017, -0.12077512, -0.06534475, -0.07225477,\n",
       "         0.72074508, -0.07961544, -0.1442091 , -0.07225477, -0.20700015],\n",
       "       [-0.23464023,  0.        ,  0.06669671, -0.04791948,  0.08847829,\n",
       "        -0.09824245,  0.08847829,  0.        , -0.0480697 ,  0.06669671,\n",
       "        -0.23464023,  0.01862701,  0.06669671, -0.09824245, -0.06955085,\n",
       "        -0.07961544,  0.76535977, -0.00991438, -0.06955085, -0.01006459],\n",
       "       [-0.00991438,  0.        , -0.01126634, -0.03019378, -0.17936007,\n",
       "        -0.15908067, -0.17936007,  0.        ,  0.0261379 , -0.01126634,\n",
       "        -0.00991438,  0.01487156, -0.01126634, -0.15908067,  0.08156827,\n",
       "        -0.1442091 , -0.00991438,  0.71789094,  0.08156827, -0.22577738],\n",
       "       [-0.06955085,  0.        , -0.09418657, -0.10575334, -0.04611687,\n",
       "        -0.00991438, -0.04611687,  0.        ,  0.03184618, -0.09418657,\n",
       "        -0.06955085, -0.06234039, -0.09418657, -0.00991438, -0.29142256,\n",
       "        -0.07225477, -0.06955085,  0.08156827,  0.70857744,  0.21916779],\n",
       "       [-0.01006459,  0.        , -0.02658855,  0.07540934,  0.03004356,\n",
       "        -0.05543037,  0.03004356,  0.        , -0.12498122, -0.02658855,\n",
       "        -0.01006459, -0.15156978, -0.02658855, -0.05543037,  0.21916779,\n",
       "        -0.20700015, -0.01006459, -0.22577738,  0.21916779,  0.57383206]])"
      ]
     },
     "execution_count": 8,
     "metadata": {},
     "output_type": "execute_result"
    }
   ],
   "source": [
    "M.T@M"
   ]
  },
  {
   "cell_type": "code",
   "execution_count": 9,
   "metadata": {},
   "outputs": [],
   "source": [
    "# MO=orthonormalization(inst1.M)\n",
    "MO2=orthonormalization(M)"
   ]
  },
  {
   "cell_type": "code",
   "execution_count": 10,
   "metadata": {},
   "outputs": [
    {
     "data": {
      "text/plain": [
       "array([[ 1.00000000e+00,  0.00000000e+00, -2.99382460e-17,\n",
       "         2.53654885e-17,  5.86963945e-18,  2.08279503e-18,\n",
       "        -2.89172368e-17,  0.00000000e+00, -3.79281288e-18,\n",
       "        -2.93139062e-17,  1.66133712e-16, -1.80866036e-17,\n",
       "        -1.58441063e-16, -1.58185885e-02, -5.22918867e-05,\n",
       "        -3.31363262e-04,  1.58014745e-02,  1.58014745e-02,\n",
       "        -1.58265611e-02, -1.58119537e-02],\n",
       "       [ 0.00000000e+00,  1.00000000e+00,  0.00000000e+00,\n",
       "         0.00000000e+00,  0.00000000e+00,  0.00000000e+00,\n",
       "         0.00000000e+00,  0.00000000e+00,  0.00000000e+00,\n",
       "         0.00000000e+00,  0.00000000e+00,  0.00000000e+00,\n",
       "         0.00000000e+00,  0.00000000e+00,  0.00000000e+00,\n",
       "         0.00000000e+00,  0.00000000e+00,  0.00000000e+00,\n",
       "         0.00000000e+00,  0.00000000e+00],\n",
       "       [-2.99382460e-17,  0.00000000e+00,  1.00000000e+00,\n",
       "        -1.27453526e-17,  2.60215954e-18, -1.74413837e-18,\n",
       "         3.27715325e-17,  0.00000000e+00, -4.26214866e-18,\n",
       "         6.99952934e-17, -1.62552659e-17, -1.08446605e-17,\n",
       "         3.00212658e-16,  1.03965645e-01,  3.43681722e-04,\n",
       "         2.17784256e-03, -1.03853165e-01, -1.03853165e-01,\n",
       "         1.04018044e-01,  1.03922039e-01],\n",
       "       [ 2.53654885e-17,  0.00000000e+00, -1.27453526e-17,\n",
       "         1.00000000e+00,  4.67074405e-17, -1.44636548e-17,\n",
       "         1.33434481e-16,  0.00000000e+00,  6.69378061e-17,\n",
       "        -9.03667624e-17,  2.49065393e-18,  2.68923951e-17,\n",
       "        -3.52327158e-16, -1.54028947e-01, -5.09177176e-04,\n",
       "        -3.22655426e-03,  1.53862303e-01,  1.53862303e-01,\n",
       "        -1.54106578e-01, -1.53964342e-01],\n",
       "       [ 5.86963945e-18,  0.00000000e+00,  2.60215954e-18,\n",
       "         4.67074405e-17,  1.00000000e+00,  1.82606717e-19,\n",
       "         3.37138302e-17,  0.00000000e+00,  1.25056301e-17,\n",
       "        -2.56104581e-17, -5.06616121e-17,  1.58079276e-17,\n",
       "        -8.43118938e-17, -4.09505854e-02, -1.35371330e-04,\n",
       "        -8.57821134e-04,  4.09062811e-02,  4.09062811e-02,\n",
       "        -4.09712245e-02, -4.09334094e-02],\n",
       "       [ 2.08279503e-18,  0.00000000e+00, -1.74413837e-18,\n",
       "        -1.44636548e-17,  1.82606717e-19,  1.00000000e+00,\n",
       "         3.60255608e-17,  0.00000000e+00, -9.64977402e-17,\n",
       "         4.06716045e-17,  7.09115197e-17, -1.26640941e-16,\n",
       "         9.90441853e-17,  1.84087170e-01,  6.08541365e-04,\n",
       "         3.85620532e-03, -1.83888007e-01, -1.83888007e-01,\n",
       "         1.84179950e-01,  1.84009959e-01],\n",
       "       [-2.89172368e-17,  0.00000000e+00,  3.27715325e-17,\n",
       "         1.33434481e-16,  3.37138302e-17,  3.60255608e-17,\n",
       "         1.00000000e+00,  0.00000000e+00,  3.30513396e-17,\n",
       "        -3.86807829e-17, -7.74967829e-17,  4.84023755e-17,\n",
       "        -8.90908683e-17, -4.79853909e-02, -1.58626455e-04,\n",
       "        -1.00518423e-03,  4.79334757e-02,  4.79334757e-02,\n",
       "        -4.80095756e-02, -4.79652643e-02],\n",
       "       [ 0.00000000e+00,  0.00000000e+00,  0.00000000e+00,\n",
       "         0.00000000e+00,  0.00000000e+00,  0.00000000e+00,\n",
       "         0.00000000e+00,  1.00000000e+00,  0.00000000e+00,\n",
       "         0.00000000e+00,  0.00000000e+00,  0.00000000e+00,\n",
       "         0.00000000e+00,  0.00000000e+00,  0.00000000e+00,\n",
       "         0.00000000e+00,  0.00000000e+00,  0.00000000e+00,\n",
       "         0.00000000e+00,  0.00000000e+00],\n",
       "       [-3.79281288e-18,  0.00000000e+00, -4.26214866e-18,\n",
       "         6.69378061e-17,  1.25056301e-17, -9.64977402e-17,\n",
       "         3.30513396e-17,  0.00000000e+00,  1.00000000e+00,\n",
       "        -2.15412551e-16,  2.73490725e-17,  2.34143611e-16,\n",
       "        -6.76077542e-16, -3.74281355e-01, -1.23727083e-03,\n",
       "        -7.84033863e-03,  3.73876421e-01,  3.73876421e-01,\n",
       "        -3.74469993e-01, -3.74124370e-01],\n",
       "       [-2.93139062e-17,  0.00000000e+00,  6.99952934e-17,\n",
       "        -9.03667624e-17, -2.56104581e-17,  4.06716045e-17,\n",
       "        -3.86807829e-17,  0.00000000e+00, -2.15412551e-16,\n",
       "         1.00000000e+00, -2.74174031e-17, -1.41969453e-16,\n",
       "         4.68525673e-16,  2.74532018e-01,  9.07527061e-04,\n",
       "         5.75081808e-03, -2.74235003e-01, -2.74235003e-01,\n",
       "         2.74670382e-01,  2.74416870e-01],\n",
       "       [ 1.66133712e-16,  0.00000000e+00, -1.62552659e-17,\n",
       "         2.49065393e-18, -5.06616121e-17,  7.09115197e-17,\n",
       "        -7.74967829e-17,  0.00000000e+00,  2.73490725e-17,\n",
       "        -2.74174031e-17,  1.00000000e+00, -2.32290859e-17,\n",
       "        -2.56426541e-17, -2.58190818e-02, -8.53507566e-05,\n",
       "        -5.40850731e-04,  2.57911482e-02,  2.57911482e-02,\n",
       "        -2.58320946e-02, -2.58082525e-02],\n",
       "       [-1.80866036e-17,  0.00000000e+00, -1.08446605e-17,\n",
       "         2.68923951e-17,  1.58079276e-17, -1.26640941e-16,\n",
       "         4.84023755e-17,  0.00000000e+00,  2.34143611e-16,\n",
       "        -1.41969453e-16, -2.32290859e-17,  1.00000000e+00,\n",
       "        -3.75023913e-16, -1.87785337e-01, -6.20766482e-04,\n",
       "        -3.93367345e-03,  1.87582172e-01,  1.87582172e-01,\n",
       "        -1.87879981e-01, -1.87706574e-01],\n",
       "       [-1.58441063e-16,  0.00000000e+00,  3.00212658e-16,\n",
       "        -3.52327158e-16, -8.43118938e-17,  9.90441853e-17,\n",
       "        -8.90908683e-17,  0.00000000e+00, -6.76077542e-16,\n",
       "         4.68525673e-16, -2.56426541e-17, -3.75023913e-16,\n",
       "         1.00000000e+00,  3.79226098e-01,  1.25361679e-03,\n",
       "         7.94391968e-03, -3.78815814e-01, -3.78815814e-01,\n",
       "         3.79417228e-01,  3.79067038e-01],\n",
       "       [-1.58185885e-02,  0.00000000e+00,  1.03965645e-01,\n",
       "        -1.54028947e-01, -4.09505854e-02,  1.84087170e-01,\n",
       "        -4.79853909e-02,  0.00000000e+00, -3.74281355e-01,\n",
       "         2.74532018e-01, -2.58190818e-02, -1.87785337e-01,\n",
       "         3.79226098e-01,  1.00000000e+00, -1.64723560e-02,\n",
       "         6.51172147e-02, -9.99776656e-01, -9.99776656e-01,\n",
       "         9.99929923e-01,  9.99944591e-01],\n",
       "       [-5.22918867e-05,  0.00000000e+00,  3.43681722e-04,\n",
       "        -5.09177176e-04, -1.35371330e-04,  6.08541365e-04,\n",
       "        -1.58626455e-04,  0.00000000e+00, -1.23727083e-03,\n",
       "         9.07527061e-04, -8.53507566e-05, -6.20766482e-04,\n",
       "         1.25361679e-03, -1.64723560e-02,  1.00000000e+00,\n",
       "        -8.11402186e-05,  1.31481718e-02,  1.31481718e-02,\n",
       "        -1.14515713e-02, -1.27936590e-02],\n",
       "       [-3.31363262e-04,  0.00000000e+00,  2.17784256e-03,\n",
       "        -3.22655426e-03, -8.57821134e-04,  3.85620532e-03,\n",
       "        -1.00518423e-03,  0.00000000e+00, -7.84033863e-03,\n",
       "         5.75081808e-03, -5.40850731e-04, -3.93367345e-03,\n",
       "         7.94391968e-03,  6.51172147e-02, -8.11402186e-05,\n",
       "         1.00000000e+00, -8.59329001e-02, -8.59329001e-02,\n",
       "         5.44190933e-02,  7.49596868e-02],\n",
       "       [ 1.58014745e-02,  0.00000000e+00, -1.03853165e-01,\n",
       "         1.53862303e-01,  4.09062811e-02, -1.83888007e-01,\n",
       "         4.79334757e-02,  0.00000000e+00,  3.73876421e-01,\n",
       "        -2.74235003e-01,  2.57911482e-02,  1.87582172e-01,\n",
       "        -3.78815814e-01, -9.99776656e-01,  1.31481718e-02,\n",
       "        -8.59329001e-02,  1.00000000e+00,  1.00000000e+00,\n",
       "        -9.99499500e-01, -9.99939335e-01],\n",
       "       [ 1.58014745e-02,  0.00000000e+00, -1.03853165e-01,\n",
       "         1.53862303e-01,  4.09062811e-02, -1.83888007e-01,\n",
       "         4.79334757e-02,  0.00000000e+00,  3.73876421e-01,\n",
       "        -2.74235003e-01,  2.57911482e-02,  1.87582172e-01,\n",
       "        -3.78815814e-01, -9.99776656e-01,  1.31481718e-02,\n",
       "        -8.59329001e-02,  1.00000000e+00,  1.00000000e+00,\n",
       "        -9.99499500e-01, -9.99939335e-01],\n",
       "       [-1.58265611e-02,  0.00000000e+00,  1.04018044e-01,\n",
       "        -1.54106578e-01, -4.09712245e-02,  1.84179950e-01,\n",
       "        -4.80095756e-02,  0.00000000e+00, -3.74469993e-01,\n",
       "         2.74670382e-01, -2.58320946e-02, -1.87879981e-01,\n",
       "         3.79417228e-01,  9.99929923e-01, -1.14515713e-02,\n",
       "         5.44190933e-02, -9.99499500e-01, -9.99499500e-01,\n",
       "         1.00000000e+00,  9.99787235e-01],\n",
       "       [-1.58119537e-02,  0.00000000e+00,  1.03922039e-01,\n",
       "        -1.53964342e-01, -4.09334094e-02,  1.84009959e-01,\n",
       "        -4.79652643e-02,  0.00000000e+00, -3.74124370e-01,\n",
       "         2.74416870e-01, -2.58082525e-02, -1.87706574e-01,\n",
       "         3.79067038e-01,  9.99944591e-01, -1.27936590e-02,\n",
       "         7.49596868e-02, -9.99939335e-01, -9.99939335e-01,\n",
       "         9.99787235e-01,  1.00000000e+00]])"
      ]
     },
     "execution_count": 10,
     "metadata": {},
     "output_type": "execute_result"
    }
   ],
   "source": [
    "MO2.T@MO2"
   ]
  },
  {
   "cell_type": "code",
   "execution_count": 56,
   "metadata": {},
   "outputs": [
    {
     "data": {
      "text/plain": [
       "array([[ 2.22044605e-16,  0.00000000e+00, -2.99382460e-17,\n",
       "         2.53654885e-17,  5.86963945e-18,  2.08279503e-18,\n",
       "        -2.89172368e-17,  0.00000000e+00, -3.79281288e-18,\n",
       "        -2.93139062e-17,  1.66133712e-16, -1.80866036e-17,\n",
       "        -1.58441063e-16, -1.58185885e-02, -5.22918867e-05,\n",
       "        -3.31363262e-04,  1.58014745e-02,  1.58014745e-02,\n",
       "        -1.58265611e-02, -1.58119537e-02],\n",
       "       [ 0.00000000e+00,  0.00000000e+00,  0.00000000e+00,\n",
       "         0.00000000e+00,  0.00000000e+00,  0.00000000e+00,\n",
       "         0.00000000e+00,  0.00000000e+00,  0.00000000e+00,\n",
       "         0.00000000e+00,  0.00000000e+00,  0.00000000e+00,\n",
       "         0.00000000e+00,  0.00000000e+00,  0.00000000e+00,\n",
       "         0.00000000e+00,  0.00000000e+00,  0.00000000e+00,\n",
       "         0.00000000e+00,  0.00000000e+00],\n",
       "       [-2.99382460e-17,  0.00000000e+00,  2.22044605e-16,\n",
       "        -1.27453526e-17,  2.60215954e-18, -1.74413837e-18,\n",
       "         3.27715325e-17,  0.00000000e+00, -4.26214866e-18,\n",
       "         6.99952934e-17, -1.62552659e-17, -1.08446605e-17,\n",
       "         3.00212658e-16,  1.03965645e-01,  3.43681722e-04,\n",
       "         2.17784256e-03, -1.03853165e-01, -1.03853165e-01,\n",
       "         1.04018044e-01,  1.03922039e-01],\n",
       "       [ 2.53654885e-17,  0.00000000e+00, -1.27453526e-17,\n",
       "         2.22044605e-16,  4.67074405e-17, -1.44636548e-17,\n",
       "         1.33434481e-16,  0.00000000e+00,  6.69378061e-17,\n",
       "        -9.03667624e-17,  2.49065393e-18,  2.68923951e-17,\n",
       "        -3.52327158e-16, -1.54028947e-01, -5.09177176e-04,\n",
       "        -3.22655426e-03,  1.53862303e-01,  1.53862303e-01,\n",
       "        -1.54106578e-01, -1.53964342e-01],\n",
       "       [ 5.86963945e-18,  0.00000000e+00,  2.60215954e-18,\n",
       "         4.67074405e-17,  0.00000000e+00,  1.82606717e-19,\n",
       "         3.37138302e-17,  0.00000000e+00,  1.25056301e-17,\n",
       "        -2.56104581e-17, -5.06616121e-17,  1.58079276e-17,\n",
       "        -8.43118938e-17, -4.09505854e-02, -1.35371330e-04,\n",
       "        -8.57821134e-04,  4.09062811e-02,  4.09062811e-02,\n",
       "        -4.09712245e-02, -4.09334094e-02],\n",
       "       [ 2.08279503e-18,  0.00000000e+00, -1.74413837e-18,\n",
       "        -1.44636548e-17,  1.82606717e-19,  2.22044605e-16,\n",
       "         3.60255608e-17,  0.00000000e+00, -9.64977402e-17,\n",
       "         4.06716045e-17,  7.09115197e-17, -1.26640941e-16,\n",
       "         9.90441853e-17,  1.84087170e-01,  6.08541365e-04,\n",
       "         3.85620532e-03, -1.83888007e-01, -1.83888007e-01,\n",
       "         1.84179950e-01,  1.84009959e-01],\n",
       "       [-2.89172368e-17,  0.00000000e+00,  3.27715325e-17,\n",
       "         1.33434481e-16,  3.37138302e-17,  3.60255608e-17,\n",
       "         2.22044605e-16,  0.00000000e+00,  3.30513396e-17,\n",
       "        -3.86807829e-17, -7.74967829e-17,  4.84023755e-17,\n",
       "        -8.90908683e-17, -4.79853909e-02, -1.58626455e-04,\n",
       "        -1.00518423e-03,  4.79334757e-02,  4.79334757e-02,\n",
       "        -4.80095756e-02, -4.79652643e-02],\n",
       "       [ 0.00000000e+00,  0.00000000e+00,  0.00000000e+00,\n",
       "         0.00000000e+00,  0.00000000e+00,  0.00000000e+00,\n",
       "         0.00000000e+00,  0.00000000e+00,  0.00000000e+00,\n",
       "         0.00000000e+00,  0.00000000e+00,  0.00000000e+00,\n",
       "         0.00000000e+00,  0.00000000e+00,  0.00000000e+00,\n",
       "         0.00000000e+00,  0.00000000e+00,  0.00000000e+00,\n",
       "         0.00000000e+00,  0.00000000e+00],\n",
       "       [-3.79281288e-18,  0.00000000e+00, -4.26214866e-18,\n",
       "         6.69378061e-17,  1.25056301e-17, -9.64977402e-17,\n",
       "         3.30513396e-17,  0.00000000e+00,  4.44089210e-16,\n",
       "        -2.15412551e-16,  2.73490725e-17,  2.34143611e-16,\n",
       "        -6.76077542e-16, -3.74281355e-01, -1.23727083e-03,\n",
       "        -7.84033863e-03,  3.73876421e-01,  3.73876421e-01,\n",
       "        -3.74469993e-01, -3.74124370e-01],\n",
       "       [-2.93139062e-17,  0.00000000e+00,  6.99952934e-17,\n",
       "        -9.03667624e-17, -2.56104581e-17,  4.06716045e-17,\n",
       "        -3.86807829e-17,  0.00000000e+00, -2.15412551e-16,\n",
       "         2.22044605e-16, -2.74174031e-17, -1.41969453e-16,\n",
       "         4.68525673e-16,  2.74532018e-01,  9.07527061e-04,\n",
       "         5.75081808e-03, -2.74235003e-01, -2.74235003e-01,\n",
       "         2.74670382e-01,  2.74416870e-01],\n",
       "       [ 1.66133712e-16,  0.00000000e+00, -1.62552659e-17,\n",
       "         2.49065393e-18, -5.06616121e-17,  7.09115197e-17,\n",
       "        -7.74967829e-17,  0.00000000e+00,  2.73490725e-17,\n",
       "        -2.74174031e-17, -3.33066907e-16, -2.32290859e-17,\n",
       "        -2.56426541e-17, -2.58190818e-02, -8.53507566e-05,\n",
       "        -5.40850731e-04,  2.57911482e-02,  2.57911482e-02,\n",
       "        -2.58320946e-02, -2.58082525e-02],\n",
       "       [-1.80866036e-17,  0.00000000e+00, -1.08446605e-17,\n",
       "         2.68923951e-17,  1.58079276e-17, -1.26640941e-16,\n",
       "         4.84023755e-17,  0.00000000e+00,  2.34143611e-16,\n",
       "        -1.41969453e-16, -2.32290859e-17,  0.00000000e+00,\n",
       "        -3.75023913e-16, -1.87785337e-01, -6.20766482e-04,\n",
       "        -3.93367345e-03,  1.87582172e-01,  1.87582172e-01,\n",
       "        -1.87879981e-01, -1.87706574e-01],\n",
       "       [-1.58441063e-16,  0.00000000e+00,  3.00212658e-16,\n",
       "        -3.52327158e-16, -8.43118938e-17,  9.90441853e-17,\n",
       "        -8.90908683e-17,  0.00000000e+00, -6.76077542e-16,\n",
       "         4.68525673e-16, -2.56426541e-17, -3.75023913e-16,\n",
       "         0.00000000e+00,  3.79226098e-01,  1.25361679e-03,\n",
       "         7.94391968e-03, -3.78815814e-01, -3.78815814e-01,\n",
       "         3.79417228e-01,  3.79067038e-01],\n",
       "       [-1.58185885e-02,  0.00000000e+00,  1.03965645e-01,\n",
       "        -1.54028947e-01, -4.09505854e-02,  1.84087170e-01,\n",
       "        -4.79853909e-02,  0.00000000e+00, -3.74281355e-01,\n",
       "         2.74532018e-01, -2.58190818e-02, -1.87785337e-01,\n",
       "         3.79226098e-01,  0.00000000e+00, -1.64723560e-02,\n",
       "         6.51172147e-02, -9.99776656e-01, -9.99776656e-01,\n",
       "         9.99929923e-01,  9.99944591e-01],\n",
       "       [-5.22918867e-05,  0.00000000e+00,  3.43681722e-04,\n",
       "        -5.09177176e-04, -1.35371330e-04,  6.08541365e-04,\n",
       "        -1.58626455e-04,  0.00000000e+00, -1.23727083e-03,\n",
       "         9.07527061e-04, -8.53507566e-05, -6.20766482e-04,\n",
       "         1.25361679e-03, -1.64723560e-02,  0.00000000e+00,\n",
       "        -8.11402186e-05,  1.31481718e-02,  1.31481718e-02,\n",
       "        -1.14515713e-02, -1.27936590e-02],\n",
       "       [-3.31363262e-04,  0.00000000e+00,  2.17784256e-03,\n",
       "        -3.22655426e-03, -8.57821134e-04,  3.85620532e-03,\n",
       "        -1.00518423e-03,  0.00000000e+00, -7.84033863e-03,\n",
       "         5.75081808e-03, -5.40850731e-04, -3.93367345e-03,\n",
       "         7.94391968e-03,  6.51172147e-02, -8.11402186e-05,\n",
       "        -1.11022302e-16, -8.59329001e-02, -8.59329001e-02,\n",
       "         5.44190933e-02,  7.49596868e-02],\n",
       "       [ 1.58014745e-02,  0.00000000e+00, -1.03853165e-01,\n",
       "         1.53862303e-01,  4.09062811e-02, -1.83888007e-01,\n",
       "         4.79334757e-02,  0.00000000e+00,  3.73876421e-01,\n",
       "        -2.74235003e-01,  2.57911482e-02,  1.87582172e-01,\n",
       "        -3.78815814e-01, -9.99776656e-01,  1.31481718e-02,\n",
       "        -8.59329001e-02,  0.00000000e+00,  1.00000000e+00,\n",
       "        -9.99499500e-01, -9.99939335e-01],\n",
       "       [ 1.58014745e-02,  0.00000000e+00, -1.03853165e-01,\n",
       "         1.53862303e-01,  4.09062811e-02, -1.83888007e-01,\n",
       "         4.79334757e-02,  0.00000000e+00,  3.73876421e-01,\n",
       "        -2.74235003e-01,  2.57911482e-02,  1.87582172e-01,\n",
       "        -3.78815814e-01, -9.99776656e-01,  1.31481718e-02,\n",
       "        -8.59329001e-02,  1.00000000e+00,  0.00000000e+00,\n",
       "        -9.99499500e-01, -9.99939335e-01],\n",
       "       [-1.58265611e-02,  0.00000000e+00,  1.04018044e-01,\n",
       "        -1.54106578e-01, -4.09712245e-02,  1.84179950e-01,\n",
       "        -4.80095756e-02,  0.00000000e+00, -3.74469993e-01,\n",
       "         2.74670382e-01, -2.58320946e-02, -1.87879981e-01,\n",
       "         3.79417228e-01,  9.99929923e-01, -1.14515713e-02,\n",
       "         5.44190933e-02, -9.99499500e-01, -9.99499500e-01,\n",
       "         0.00000000e+00,  9.99787235e-01],\n",
       "       [-1.58119537e-02,  0.00000000e+00,  1.03922039e-01,\n",
       "        -1.53964342e-01, -4.09334094e-02,  1.84009959e-01,\n",
       "        -4.79652643e-02,  0.00000000e+00, -3.74124370e-01,\n",
       "         2.74416870e-01, -2.58082525e-02, -1.87706574e-01,\n",
       "         3.79067038e-01,  9.99944591e-01, -1.27936590e-02,\n",
       "         7.49596868e-02, -9.99939335e-01, -9.99939335e-01,\n",
       "         9.99787235e-01, -2.22044605e-16]])"
      ]
     },
     "execution_count": 56,
     "metadata": {},
     "output_type": "execute_result"
    }
   ],
   "source": [
    "MO2.T@MO2-np.eye(n)"
   ]
  },
  {
   "cell_type": "code",
   "execution_count": 12,
   "metadata": {},
   "outputs": [
    {
     "data": {
      "text/plain": [
       "4.964198762916979"
      ]
     },
     "execution_count": 12,
     "metadata": {},
     "output_type": "execute_result"
    }
   ],
   "source": [
    "np.linalg.norm(MO2@g)"
   ]
  },
  {
   "cell_type": "code",
   "execution_count": 60,
   "metadata": {},
   "outputs": [
    {
     "name": "stdout",
     "output_type": "stream",
     "text": [
      "[1 0 0 1 0 0 0 0 1 0 1 1 0 0 1 1 1 0 1 0] 4.304453425705473e-31 7.899412557791004\n",
      "[1 0 0 0 0 1 0 0 0 0 1 0 0 1 0 1 1 1 0 1] 5.5664190217652075e-31 9.050610053310399\n",
      "[0 0 1 0 0 0 0 0 0 1 0 1 1 0 1 1 0 0 1 0] 5.1046773175983695e-31 6.410589709954928\n",
      "[0 0 0 1 1 0 1 0 1 0 0 1 0 0 0 1 0 1 0 1] 6.681050977079321e-31 7.297045796630298\n",
      "[1 0 0 1 1 1 1 0 0 0 1 0 0 1 1 1 1 1 1 0] 5.259714678121541e-31 12.406599507314942\n",
      "[1 0 0 0 0 0 0 1 0 1 1 1 1 1 0 1 0 1 0 1] 3.291122127084272 11.306452992730083\n",
      "[1 1 1 1 0 1 0 1 1 0 1 1 1 1 0 0 1 1 0 1] 6.369085173501576 14.94874700378161\n",
      "[1 0 0 0 0 1 1 1 1 1 1 0 1 1 0 1 1 0 1 0] 5.210154724350308 12.239916486407044\n",
      "[1 1 1 1 0 0 1 0 1 1 1 0 0 0 0 1 0 1 1 0] 5.357368183866606 11.18159838538808\n",
      "[0 1 0 0 0 1 0 1 1 1 1 0 0 1 1 0 1 0 0 1] 6.440438636022233 10.174585873885475\n",
      "[1 1 1 1 0 0 0 1 0 0 1 0 1 1 1 0 0 1 0 1] 6.886134895598618 12.200728056909604\n",
      "[0 1 0 0 0 1 1 1 1 0 0 0 0 0 1 1 1 1 1 1] 5.752741475138951 9.70712048160073\n",
      "[1 1 0 1 0 1 1 0 1 0 0 1 0 0 0 0 1 0 1 1] 4.913624755896049 8.606002618170875\n",
      "[1 1 1 0 1 0 0 1 0 0 1 1 0 1 0 1 0 0 1 0] 5.755445395823944 11.125366131901874\n",
      "[1 1 1 1 0 1 0 0 1 0 0 1 1 0 0 0 1 1 1 1] 6.00916328676581 11.337817517446982\n",
      "[1 1 1 0 1 1 1 1 0 0 0 1 1 0 1 0 1 1 1 0] 6.033348355114916 12.547494495855348\n",
      "[1 0 0 0 1 1 1 1 1 0 0 1 1 0 0 0 0 0 1 1] 6.15637674628211 8.67347530383724\n",
      "[1 1 1 0 1 0 1 1 0 1 0 0 1 0 1 1 1 0 0 0] 5.889289469731109 10.360644398710951\n",
      "[1 1 0 0 1 1 0 1 1 1 0 1 0 1 1 0 1 0 0 1] 7.511491662911219 12.068152536454194\n",
      "[0 1 0 0 0 0 0 0 1 0 0 0 0 1 1 0 0 0 0 0] 3.5178008111762047 4.758663316058278\n",
      "[1 1 1 0 1 0 0 1 0 0 1 0 1 1 1 0 0 0 1 1] 6.686345200540783 11.426654777961822\n",
      "[1 1 1 1 1 1 0 1 1 0 1 1 0 0 0 1 1 0 1 0] 5.168694607180412 12.166579070378434\n",
      "[0 1 1 1 1 1 1 1 0 1 1 0 0 0 1 0 1 1 0 1] 6.654499023584196 12.46318026890053\n",
      "[0 1 1 0 0 1 1 1 0 1 1 0 1 0 0 0 1 0 1 1] 6.937960042060988 10.099720429247526\n",
      "[1 0 0 0 1 0 0 0 1 0 1 0 1 1 0 0 1 0 1 1] 4.943668319062641 9.044198150089287\n",
      "[1 0 0 1 1 0 1 1 0 1 1 1 1 1 1 0 1 0 1 0] 4.653898152320863 13.100137903848026\n",
